60
126
0 1 2147483647
0 2 2147483647
2 1 -1
0 3 2147483647
3 1 -2
3 2 -2
0 4 2147483647
0 5 2147483647
5 1 -4
5 2 -4
5 3 -4
5 4 -4
0 6 2147483647
0 7 2147483647
7 1 -8
7 2 -8
7 3 -8
7 4 -8
7 5 -8
7 6 -8
0 8 2147483647
0 9 2147483647
9 1 -16
9 2 -16
9 3 -16
9 4 -16
9 5 -16
9 6 -16
9 7 -16
9 8 -16
0 10 2147483647
10 1 -32
10 2 -32
10 3 -32
10 4 -32
10 5 -32
10 6 -32
10 7 -32
10 8 -32
10 9 -32
0 11 2147483647
11 1 -64
11 2 -64
11 3 -64
11 4 -64
11 5 -64
11 6 -64
11 7 -64
11 8 -64
11 9 -64
11 10 -64
0 12 2147483647
12 1 -128
12 2 -128
12 3 -128
12 4 -128
12 5 -128
12 6 -128
12 7 -128
12 8 -128
12 9 -128
12 10 -128
12 11 -128
0 13 2147483647
0 14 2147483647
14 1 -256
14 2 -256
14 3 -256
14 4 -256
14 5 -256
14 6 -256
14 7 -256
14 8 -256
14 9 -256
14 10 -256
14 11 -256
14 12 -256
14 13 -256
0 15 2147483647
15 1 -512
15 2 -512
15 3 -512
15 4 -512
15 5 -512
15 6 -512
15 7 -512
15 8 -512
15 9 -512
15 10 -512
15 11 -512
15 12 -512
15 13 -512
15 14 -512
0 16 2147483647
16 1 -1024
16 2 -1024
16 3 -1024
16 4 -1024
16 5 -1024
16 6 -1024
16 7 -1024
16 8 -1024
16 9 -1024
16 10 -1024
16 11 -1024
16 12 -1024
16 13 -1024
16 14 -1024
16 15 -1024
0 17 2147483647
17 1 -2048
17 2 -2048
17 3 -2048
17 4 -2048
17 5 -2048
17 6 -2048
17 7 -2048
17 8 -2048
17 9 -2048
17 10 -2048
17 11 -2048
17 12 -2048
17 13 -2048
17 14 -2048
17 15 -2048
17 16 -2048